1110997.1141514247
5848
